"Date","Ref/Check","Description","Amount","Balance","Memo","Category"
06/16/2015,7497744995,"Guaranteed Check",20000,23856.43,,
06/16/2015,,"Alliance Payoff MMA to LOC Sweep",-67932.19,-44075.76,,
06/16/2015,,"IB Debit IB TR TO ACCT *3068 Transfer Online from",-3000,-47075.76,,
06/16/2015,,"Alliance Payoff LOC to MMA Sweep",67932.19,20856.43,,
06/16/2015,,"Daily Ledger Bal",,20856.43,,
06/17/2015,,"IB Debit IB TR TO ACCT *1294 Transfer Online from",-2015,18841.43,,
06/17/2015,,"IB Debit IB TR TO ACCT *3068 Transfer Online from",-3000,15841.43,,
06/17/2015,,"ACH Withdrawal EXT TRF ONLINE",-120,15721.43,,
06/17/2015,,"ACH Withdrawal EXT TRF ONLINE",-142.66,15578.77,,
06/17/2015,,"ACH Withdrawal EXT TRF ONLINE",-350,15228.77,,
06/17/2015,,"ACH Withdrawal EXT TRF ONLINE",-656.5,14572.27,,
06/17/2015,,"Daily Ledger Bal",,14572.27,,
06/18/2015,7497748661,"Guaranteed Check",45000,59572.27,,
06/18/2015,,"Daily Ledger Bal",,59572.27,,
06/19/2015,7497751096,"Guaranteed Check",15000,74572.27,,
06/19/2015,,"IB Debit IB TR TO ACCT *3068 Transfer Online from",-1000,73572.27,,
06/19/2015,,"IB Debit IB TR TO ACCT *0306 Transfer Online from",-2500,71072.27,,
06/19/2015,,"IB Debit IB TR TO ACCT *0108 Transfer Online from",-3500,67572.27,,
06/19/2015,,"IB Debit IB TR TO ACCT *9306 Transfer Online from",-7500,60072.27,,
06/19/2015,,"IB Debit IB TR TO ACCT *3068 Transfer Online from",-15000,45072.27,,
06/19/2015,,"ACH Withdrawal TRANSFLO EXPRESS PAYABLES DYNAMICS EFT DEPOS",-4.99,45067.28,,
06/19/2015,,"ACH Withdrawal CAPITAL ONE ONLINE PMT",-10000,35067.28,,
06/19/2015,,"ACH Withdrawal CAPITAL ONE ONLINE PMT",-20000,15067.28,,
06/19/2015,,"Daily Ledger Bal",,15067.28,,
06/22/2015,,"IB Debit IB TR TO ACCT *3068 Transfer Online from",-2000,13067.28,,
06/22/2015,,"ACH Withdrawal EXT TRF ONLINE",-646.32,12420.96,,
06/22/2015,,"Daily Ledger Bal",,12420.96,,
06/23/2015,,"Alliance Payoff MMA to LOC Sweep",-68435.47,-56014.51,,
06/23/2015,,"Alliance Payoff LOC to MMA Sweep",68435.47,12420.96,,
06/23/2015,,"Daily Ledger Bal",,12420.96,,
06/24/2015,,"ACH Deposit EXT TRF ONLINE",6000,18420.96,,
06/24/2015,7497757271,"Guaranteed Check",50000,68420.96,,
06/24/2015,,"IB Debit IB TR TO ACCT *1294 Transfer Online from",-2015,66405.96,,
06/24/2015,,"IB Debit IB TR TO ACCT *3068 Transfer Online from",-3000,63405.96,,
06/24/2015,,"ACH Withdrawal EXT TRF ONLINE",-106.43,63299.53,,
06/24/2015,,"ACH Withdrawal EXT TRF ONLINE",-350,62949.53,,
06/24/2015,,"ACH Withdrawal CAPITAL ONE ONLINE PMT",-900,62049.53,,
06/24/2015,,"ACH Withdrawal CAPITAL ONE ONLINE PMT",-968.89,61080.64,,
06/24/2015,,"Daily Ledger Bal",,61080.64,,
06/25/2015,,"ACH Withdrawal BEST PASS INC. PAYMENT",-1746.54,59334.10,,
06/25/2015,,"Daily Ledger Bal",,59334.1,,
06/26/2015,7497761401,"Guaranteed Check",20000,79334.10,,
06/26/2015,,"IB Debit IB TR TO ACCT *3068 Transfer Online from",-2000,77334.10,,
06/26/2015,,"IB Debit IB TR TO ACCT *0306 Transfer Online from",-2500,74834.10,,
06/26/2015,,"IB Debit IB TR TO ACCT *0108 Transfer Online from",-5000,69834.10,,
06/26/2015,,"IB Debit IB TR TO ACCT *9306 Transfer Online from",-7000,62834.10,,
06/26/2015,,"IB Debit IB TR TO ACCT *3068 Transfer Online from",-20000,42834.10,,
06/26/2015,,"ACH Withdrawal TRANSFLO EXPRESS PAYABLES DYNAMICS EFT DEPOS",-37.07,42797.03,,
06/26/2015,,"ACH Withdrawal CAPITAL ONE ONLINE PMT",-10000,32797.03,,
06/26/2015,,"ACH Withdrawal CAPITAL ONE ONLINE PMT",-20000,12797.03,,
06/26/2015,,"Daily Ledger Bal",,12797.03,,
06/29/2015,170957012,"Guaranteed Check",1248,14045.03,,
06/29/2015,,"IB Debit IB TR TO ACCT *0108 Transfer Online from",-600,13445.03,,
06/29/2015,,"Daily Ledger Bal",,13445.03,,
06/30/2015,,"Alliance Payoff MMA to LOC Sweep",-78588.93,-65143.90,,
06/30/2015,,"Accr Earning Pymt Added to Account",5.45,-65138.45,,
06/30/2015,,"IB Debit IB TR TO ACCT *1294 Transfer Online from",-2015,-67153.45,,
06/30/2015,,"ACH Withdrawal EXT TRF ONLINE",-350,-67503.45,,
06/30/2015,,"Alliance Payoff LOC to MMA Sweep",78588.93,11085.48,,
06/30/2015,,"Daily Ledger Bal",,11085.48,,
07/01/2015,,"IB Debit IB TR TO ACCT *0720 Transfer Online from",-663,10422.48,,
07/01/2015,,"ACH Withdrawal CAPITAL ONE ONLINE PMT",-300,10122.48,,
07/01/2015,,"Daily Ledger Bal",,10122.48,,
07/03/2015,,"ACH Withdrawal TRANSFLO EXPRESS PAYABLES DYNAMICS EFT DEPOS",-4.99,10117.49,,
07/03/2015,,"Daily Ledger Bal",,10117.49,,
07/06/2015,7497775364,"Guaranteed Check",54000,64117.49,,
07/06/2015,,"IB Debit IB TR TO ACCT *0720 Transfer Online from",-100,64017.49,,
07/06/2015,,"IB Debit IB TR TO ACCT *3068 Transfer Online from",-14000,50017.49,,
07/06/2015,,"ACH Withdrawal EXT TRF ONLINE",-611,49406.49,,
07/06/2015,,"Daily Ledger Bal",,49406.49,,
07/07/2015,,"Alliance Payoff MMA to LOC Sweep",-45678.99,3727.50,,
07/07/2015,,"ACH Withdrawal CAPITAL ONE ONLINE PMT",-10000,-6272.50,,
07/07/2015,,"ACH Withdrawal CAPITAL ONE ONLINE PMT",-20000,-26272.50,,
07/07/2015,,"Alliance Payoff LOC to MMA Sweep",45678.99,19406.49,,
07/07/2015,,"Daily Ledger Bal",,19406.49,,
07/08/2015,7497777976,"Guaranteed Check",60000,79406.49,,
07/08/2015,,"IB Debit IB TR TO ACCT *3068 Transfer Online from",-2000,77406.49,,
07/08/2015,,"IB Debit IB TR TO ACCT *1294 Transfer Online from",-2015,75391.49,,
07/08/2015,,"ACH Withdrawal HARLAND CLARKE CHK ORDERS",-20.85,75370.64,,
07/08/2015,,"ACH Withdrawal EXT TRF ONLINE",-350,75020.64,,
07/08/2015,,"ACH Withdrawal EXT TRF ONLINE",-3000,72020.64,,
07/08/2015,,"Daily Ledger Bal",,72020.64,,
07/09/2015,,"ACH Deposit EXT TRF ONLINE",6000,78020.64,,
07/09/2015,,"ACH Withdrawal EXT TRF ONLINE",-3000,75020.64,,
07/09/2015,,"ACH Withdrawal CAPITAL ONE ONLINE PMT",-5000,70020.64,,
07/09/2015,,"ACH Withdrawal CAPITAL ONE ONLINE PMT",-15000,55020.64,,
07/09/2015,,"Daily Ledger Bal",,55020.64,,
07/10/2015,7497781130,"Guaranteed Check",20000,75020.64,,
07/10/2015,,"IB Debit IB TR TO ACCT *3068 Transfer Online from",-1000,74020.64,,
07/10/2015,,"IB Debit IB TR TO ACCT *3068 Transfer Online from",-2000,72020.64,,
07/10/2015,,"IB Debit IB TR TO ACCT *0108 Transfer Online from",-3000,69020.64,,
07/10/2015,,"IB Debit IB TR TO ACCT *0306 Transfer Online from",-4000,65020.64,,
07/10/2015,,"IB Debit IB TR TO ACCT *9306 Transfer Online from",-4500,60520.64,,
07/10/2015,,"IB Debit IB TR TO ACCT *3068 Transfer Online from",-15000,45520.64,,
07/10/2015,,"ACH Withdrawal TRANSFLO EXPRESS PAYABLES DYNAMICS EFT DEPOS",-13.52,45507.12,,
07/10/2015,,"ACH Withdrawal EXT TRF ONLINE",-328.14,45178.98,,
07/10/2015,,"ACH Withdrawal ACH PAYMENT GE CAPITAL",-2995.6,42183.38,,
07/10/2015,,"ACH Withdrawal CAPITAL ONE MOBILE PMT",-8000,34183.38,,
07/10/2015,,"Daily Ledger Bal",,34183.38,,
07/13/2015,,"IB Debit IB TR TO ACCT *0108 Transfer Online from",-1545.44,32637.94,,
07/13/2015,,"IB Debit IB TR TO ACCT *3068 Transfer Online from",-4000,28637.94,,
07/13/2015,,"ACH Withdrawal CAPITAL ONE ONLINE PMT",-10000,18637.94,,
07/13/2015,,"Daily Ledger Bal",,18637.94,,
07/14/2015,,"Alliance Payoff MMA to LOC Sweep",-88106.55,-69468.61,,
07/14/2015,2,"Check",-622.5,-70091.11,,
07/14/2015,,"ACH Withdrawal EXT TRF ONLINE",-715.5,-70806.61,,
07/14/2015,,"Alliance Payoff LOC to MMA Sweep",88106.55,17299.94,,
07/14/2015,,"Analysis Charge 06 2015 Charge",-23.99,17275.95,,
07/14/2015,,"Daily Ledger Bal",,17275.95,,
07/15/2015,1,"Check",-520,16755.95,,
07/15/2015,,"Daily Ledger Bal",,16755.95,,
07/16/2015,,"ACH Payment BEST PASS INC. PAYMENT",-1518.29,15237.66,,
