Date,Ref/Check,Description,Amount,Balance,Memo,Category
8/12/2015,,IB Transfer Deposit IB TR FROM ACCT *3068 Transfer Online to D,2000,7256.17,,
8/12/2015,,IB Debit IB TR TO ACCT *1294 Transfer Online from,-2000,5256.17,,
8/12/2015,8,Check,-770,4486.17,,
8/12/2015,,ACH Withdrawal EXT TRF ONLINE,-350,4136.17,,
8/12/2015,,Daily Ledger Bal,,4136.17,,
8/14/2015,,ACH Withdrawal TRANSFLO EXPRESS PAYABLES DYNAMICS EFT DEPOS,-7.34,4128.83,,
8/16/2015,,Analysis Charge 07 2015 Charge,-13.6,4115.23,,
8/16/2015,,Daily Ledger Bal,,4115.23,,
8/17/2015,,ACH Withdrawal EXT TRF ONLINE,-749.25,3365.98,,
8/17/2015,,Daily Ledger Bal,,3365.98,,
8/18/2015,,IB Transfer Deposit IB TR FROM ACCT *3068 Transfer Online to D,1100,4465.98,,
8/18/2015,,Alliance Payoff MMA to LOC Sweep,-5808.52,-1342.54,,
8/18/2015,,ACH Withdrawal BEST PASS INC. PAYMENT,-1918.33,-3260.87,,
8/18/2015,,Alliance Payoff LOC to MMA Sweep,5808.52,2547.65,,
8/18/2015,,Daily Ledger Bal,,2547.65,,
8/20/2015,,IB Transfer Deposit IB TR FROM ACCT *3068 Transfer Online to D,2350,4897.65,,
8/20/2015,9,Check,-658.08,4239.57,,
8/20/2015,,ACH Withdrawal EXT TRF ONLINE,-350,3889.57,,
8/20/2015,,Daily Ledger Bal,,3889.57,,
8/24/2015,,ACH Withdrawal EXT TRF ONLINE TRF,-783,3106.57,,
8/24/2015,,Daily Ledger Bal,,3106.57,,
8/25/2015,,IB Transfer Deposit IB TR FROM ACCT *3068 Transfer Online to D,2351,5457.57,,
8/25/2015,,Alliance Payoff MMA to LOC Sweep,-5207.56,250.01,,
8/25/2015,,IB Debit IB TR TO ACCT *1294 Transfer Online from,-2000,-1749.99,,
8/25/2015,,ACH Withdrawal EXT TRF ONLINE TRF,-350,-2099.99,,
8/25/2015,,ACH Withdrawal BEST PASS INC. PAYMENT,-1066.48,-3166.47,,
8/25/2015,,Alliance Payoff LOC to MMA Sweep,5207.56,2041.09,,
8/25/2015,,Daily Ledger Bal,,2041.09,,
8/31/2015,,IB Transfer Deposit IB TR FROM ACCT *3068 Transfer Online to D,9000,11041.09,,
8/31/2015,,Accr Earning Pymt Added to Account,0.92,11042.01,,
8/31/2015,,Daily Ledger Bal,,11042.01,,
