"Date","Ref/Check","Description","Amount","Balance","Memo","Category"
10/26/2015,,"ACH Payment ADP TX/FINCL SVC ADP - TAX",-1.73,20038.97,,
10/26/2015,,"ACH Payment ADP TX/FINCL SVC ADP - TAX",-116.91,19922.06,,
10/26/2015,,"ACH Payment ADP TX/FINCL SVC ADP - TAX",-609.38,19312.68,,
10/26/2015,,"IB Transfer W/D IB TR TO ACCT *0306 Transfer Online from",-2201,17111.68,,
10/26/2015,,"ACH Payment BEST PASS INC. PAYMENT",-2764.29,14347.39,,
10/26/2015,,"IB Transfer W/D IB TR TO ACCT *9306 Transfer Online from",-4001,10346.39,,
10/26/2015,,"Wire Payment EFS (Coop)",-10000,346.39,,
10/26/2015,,"Daily Ledger Bal",,346.39,,
10/27/2015,7621325600,"Guaranteed Check",15000,15346.39,,
10/27/2015,,"IB Transfer W/D IB TR TO ACCT *0817 Transfer Online from",-101,15245.39,,
10/27/2015,,"IB Transfer W/D IB TR TO ACCT *0306 Transfer Online from",-501,14744.39,,
10/27/2015,,"IB Transfer W/D IB TR TO ACCT *9315 Transfer Online from",-2001,12743.39,,
10/27/2015,,"IB Transfer W/D IB TR TO ACCT *0108 Transfer Online from",-4001,8742.39,,
10/27/2015,,"Daily Ledger Bal",,8742.39,,
10/28/2015,58009287,"Guaranteed Check",538.75,9281.14,,
10/28/2015,7621327416,"Guaranteed Check",15000,24281.14,,
10/28/2015,,"IB Transfer W/D IB TR TO ACCT *0108 Transfer Online from",-2001,22280.14,,
10/28/2015,,"IB Transfer W/D IB TR TO ACCT *0306 Transfer Online from",-2002,20278.14,,
10/28/2015,,"Daily Ledger Bal",,20278.14,,
10/29/2015,7621328385,"Guaranteed Check",15000,35278.14,,
10/29/2015,,"IB Transfer W/D IB TR TO ACCT *0817 Transfer Online from",-601,34677.14,,
10/29/2015,,"IB Transfer W/D IB TR TO ACCT *9306 Transfer Online from",-2001,32676.14,,
10/29/2015,,"ACH Payment CAPITAL ONE ONLINE PMT",-2005,30671.14,,
10/29/2015,,"Wire Payment EFS (Coop)",-3000,27671.14,,
10/29/2015,,"IB Transfer W/D IB TR TO ACCT *0306 Transfer Online from",-12001,15670.14,,
10/29/2015,,"Daily Ledger Bal",,15670.14,,
10/30/2015,,"ACH Deposit MANAGEMENT SERV ONLINE TRF",712.5,16382.64,,
10/30/2015,58009487,"Guaranteed Check",2195.52,18578.16,,
10/30/2015,,"IB Transfer Deposit IB TR FROM ACCT *9315 Transfer Online to D",13000,31578.16,,
10/30/2015,,"POS Payment SIG PROGRESSIVE *INSURANCE 800-776-4737 OH #5310",-11117.94,20460.22,,
10/30/2015,,"ACH Payment TRANSFLO EXPRESS PAYABLES DYNAMICS EFT DEPOS",-9.69,20450.53,,
10/30/2015,,"ACH Payment ADP PAYROLL FEES ADP - FEES",-41.5,20409.03,,
10/30/2015,,"IB Transfer W/D IB TR TO ACCT *0108 Transfer Online from",-2001,18408.03,,
10/30/2015,,"IB Transfer W/D IB TR TO ACCT *0306 Transfer Online from",-2201,16207.03,,
10/30/2015,,"IB Transfer W/D IB TR TO ACCT *9306 Transfer Online from",-4001,12206.03,,
10/30/2015,,"IB Transfer W/D IB TR TO ACCT *9315 Transfer Online from",-9000,3206.03,,
10/31/2015,,"Accr Earning Pymt Added to Account",1.8,3207.83,,
10/31/2015,,"Service Charge",-2,3205.83,,
10/31/2015,,"Daily Ledger Bal",,3205.83,,
11/02/2015,,"IB Transfer Deposit IB TR FROM ACCT *0199 Transfer Online to D",5351.29,8557.12,,
11/02/2015,7621344150,"Guaranteed Check",12000,20557.12,,
11/02/2015,,"ACH Payment ADP TX/FINCL SVC ADP - TAX",-1.65,20555.47,,
11/02/2015,,"ACH Payment ADP TX/FINCL SVC ADP - TAX",-109.19,20446.28,,
11/02/2015,,"ACH Payment ADP TX/FINCL SVC ADP - TAX",-580.37,19865.91,,
11/02/2015,,"IB Transfer W/D IB TR TO ACCT *0108 Transfer Online from",-1501,18364.91,,
11/02/2015,,"IB Transfer W/D IB TR TO ACCT *0108 Transfer Online from",-2001,16363.91,,
11/02/2015,,"Wire Payment EFS (Coop)",-10000,6363.91,,
11/02/2015,,"Daily Ledger Bal",,6363.91,,
11/03/2015,7621345255,"Guaranteed Check",20000,26363.91,,
11/03/2015,,"IB Transfer W/D IB TR TO ACCT *0108 Transfer Online from",-2001,24362.91,,
11/03/2015,,"IB Transfer W/D IB TR TO ACCT *0306 Transfer Online from",-14001,10361.91,,
11/03/2015,,"Daily Ledger Bal",,10361.91,,
11/04/2015,7621347274,"Guaranteed Check",10000,20361.91,,
11/04/2015,,"IB Transfer W/D IB TR TO ACCT *0817 Transfer Online from",-701,19660.91,,
11/04/2015,,"ACH Payment CAPITAL ONE ONLINE PMT",-2000,17660.91,,
11/04/2015,,"Wire Payment EFS (Coop)",-2001,15659.91,,
11/04/2015,,"IB Transfer W/D IB TR TO ACCT *9315 Transfer Online from",-2350,13309.91,,
11/04/2015,,"IB Transfer W/D IB TR TO ACCT *0108 Transfer Online from",-5501,7808.91,,
11/04/2015,,"Daily Ledger Bal",,7808.91,,
11/05/2015,,"ACH Payment BEST PASS INC. PAYMENT",-1549.93,6258.98,,
11/05/2015,,"Daily Ledger Bal",,6258.98,,
11/06/2015,58010119,"Guaranteed Check",2945.5,9204.48,,
11/06/2015,7621350240,"Guaranteed Check",15000,24204.48,,
11/06/2015,,"POS Payment SIG IDENTITY INSURANCE SER 866-337-6321 CA #9726",-1848.18,22356.30,,
11/06/2015,,"ACH Payment TRANSFLO EXPRESS PAYABLES DYNAMICS EFT DEPOS",-7.34,22348.96,,
11/06/2015,,"ACH Payment ADP PAYROLL FEES ADP - FEES",-41.5,22307.46,,
11/06/2015,,"IB Transfer W/D IB TR TO ACCT *0108 Transfer Online from",-1501,20806.46,,
11/06/2015,,"Wire Payment EFS (Coop)",-2001,18805.46,,
11/06/2015,,"IB Transfer W/D IB TR TO ACCT *0108 Transfer Online from",-2501,16304.46,,
11/06/2015,,"IB Transfer W/D IB TR TO ACCT *9306 Transfer Online from",-4701,11603.46,,
11/06/2015,,"IB Transfer W/D IB TR TO ACCT *0306 Transfer Online from",-6001,5602.46,,
11/06/2015,,"Daily Ledger Bal",,5602.46,,
11/09/2015,,"ACH Deposit MANAGEMENT SERV ONLINE TRF",3977,9579.46,,
11/09/2015,,"IB Transfer Deposit IB TR FROM ACCT *0817 Transfer Online to D",4001,13580.46,,
11/09/2015,,"ACH Payment ADP EEPAY/GARNWC EEPAY/GARN",-1.7,13578.76,,
11/09/2015,,"ACH Payment ADP Tax/401k Tax/401k",-114.21,13464.55,,
11/09/2015,,"ACH Payment ADP EEPAY/GARNWC EEPAY/GARN",-599.24,12865.31,,
11/09/2015,,"IB Transfer W/D IB TR TO ACCT *9315 Transfer Online from",-2001,10864.31,,
11/09/2015,,"Wire Payment EFS (Coop)",-10001,863.31,,
11/09/2015,,"Daily Ledger Bal",,863.31,,
11/10/2015,7621355420,"Guaranteed Check",10000,10863.31,,
11/10/2015,,"Wire Payment EFS (Coop)",-2001,8862.31,,
11/10/2015,,"IB Transfer W/D IB TR TO ACCT *0108 Transfer Online from",-2501,6361.31,,
11/10/2015,,"Daily Ledger Bal",,6361.31,,
11/12/2015,58010655,"Guaranteed Check",1340.54,7701.85,,
11/12/2015,58010555,"Guaranteed Check",2405.04,10106.89,,
11/12/2015,7621357166,"Guaranteed Check",10000,20106.89,,
11/12/2015,7621358920,"Guaranteed Check",12000,32106.89,,
11/12/2015,,"POS Payment SIG PROGRESSIVE *INSURANCE 800-776-4737 OH #9726",-1134.2,30972.69,,
11/12/2015,,"IB Transfer W/D IB TR TO ACCT *0108 Transfer Online from",-501,30471.69,,
11/12/2015,,"IB Transfer W/D IB TR TO ACCT *0108 Transfer Online from",-1501,28970.69,,
11/12/2015,,"IB Transfer W/D IB TR TO ACCT *9315 Transfer Online from",-2350,26620.69,,
11/12/2015,,"IB Transfer W/D IB TR TO ACCT *0108 Transfer Online from",-2501,24119.69,,
11/12/2015,,"Wire Payment EFS (Coop)",-4000,20119.69,,
11/12/2015,,"IB Transfer W/D IB TR TO ACCT *0306 Transfer Online from",-5001,15118.69,,
11/12/2015,,"IB Transfer W/D IB TR TO ACCT *0817 Transfer Online from",-6601,8517.69,,
11/12/2015,,"IB Transfer W/D IB TR TO ACCT *0306 Transfer Online from",-8001,516.69,,
11/12/2015,,"Daily Ledger Bal",,516.69,,
11/13/2015,58010748,"Guaranteed Check",144.75,661.44,,
11/13/2015,,"ACH Payment TRANSFLO EXPRESS PAYABLES DYNAMICS EFT DEPOS",-20.18,641.26,,
11/13/2015,,"ACH Payment ADP PAYROLL FEES ADP - FEES",-41.5,599.76,,
11/13/2015,,"ACH Payment GREENLIGHT PREMI INS.PMTS.",-1776.92,-1177.16,,
11/13/2015,,"IB Transfer W/D IB TR TO ACCT *0108 Transfer Online from",-3301,-4478.16,,
11/13/2015,,"IB Transfer W/D IB TR TO ACCT *9306 Transfer Online from",-5601,-10079.16,,
11/13/2015,,"IB Transfer W/D IB TR TO ACCT *0306 Transfer Online from",-6101,-16180.16,,
11/15/2015,,"Analysis Charge",-250.65,-16430.81,,
11/15/2015,,"Daily Ledger Bal",,-16430.81,,
11/16/2015,58010881,"Guaranteed Check",3170.84,-13259.97,,
11/16/2015,58010879,"Guaranteed Check",5368.8,-7891.17,,
11/16/2015,58010878,"Guaranteed Check",7820.26,-70.91,,
11/16/2015,58010880,"Guaranteed Check",7997,7926.09,,
11/16/2015,7621364531,"Guaranteed Check",10000,17926.09,,
11/16/2015,,"ACH Payment ADP EEPAY/GARNWC EEPAY/GARN",-1.82,17924.27,,
11/16/2015,,"IB Transfer W/D IB TR TO ACCT *0720 Transfer Online from",-60,17864.27,,
11/16/2015,,"ACH Payment ADP Tax/401k Tax/401k",-124.22,17740.05,,
11/16/2015,,"ACH Payment ADP EEPAY/GARNWC EEPAY/GARN",-636.82,17103.23,,
11/16/2015,,"Wire Payment EFS (Coop)",-13000,4103.23,,
11/16/2015,,"Daily Ledger Bal",,4103.23,,
11/17/2015,58011123,"Guaranteed Check",686.5,4789.73,,
11/17/2015,,"IB Transfer W/D IB TR TO ACCT *0108 Transfer Online from",-301,4488.73,,
11/17/2015,,"IB Transfer W/D IB TR TO ACCT *0108 Transfer Online from",-1051,3437.73,,
11/17/2015,,"IB Transfer W/D IB TR TO ACCT *0108 Transfer Online from",-2001,1436.73,,
11/17/2015,,"Daily Ledger Bal",,1436.73,,
11/18/2015,,"IB Transfer W/D IB TR TO ACCT *0108 Transfer Online from",-501,935.73,,
11/18/2015,,"IB Transfer W/D IB TR TO ACCT *0817 Transfer Online from",-701,234.73,,
11/18/2015,,"IB Transfer W/D IB TR TO ACCT *9315 Transfer Online from",-2350,-2115.27,,
11/18/2015,,"Wire Payment EFS (Coop)",-3001,-5116.27,,
11/18/2015,,"IB Transfer W/D IB TR TO ACCT *0108 Transfer Online from",-3101,-8217.27,,
11/18/2015,,"Daily Ledger Bal",,-8217.27,,
11/19/2015,58011382,"Guaranteed Check",5178.1,-3039.17,,
11/19/2015,58011383,"Guaranteed Check",6054.75,3015.58,,
11/19/2015,58011381,"Guaranteed Check",6645.75,9661.33,,
11/19/2015,,"IB Transfer W/D IB TR TO ACCT *0108 Transfer Online from",-501,9160.33,,
11/19/2015,,"IB Transfer W/D IB TR TO ACCT *0306 Transfer Online from",-14001,-4840.67,,
11/19/2015,,"Daily Ledger Bal",,-4840.67,,
11/20/2015,58011502,"Guaranteed Check",5799.61,958.94,,
11/20/2015,58011501,"Guaranteed Check",7997,8955.94,,
11/20/2015,,"ACH Payment TRANSFLO EXPRESS PAYABLES DYNAMICS EFT DEPOS",-7.71,8948.23,,
11/20/2015,,"ACH Payment ADP PAYROLL FEES ADP - FEES",-41.5,8906.73,,
11/20/2015,,"Wire Payment EFS (Coop)",-1000,7906.73,,
11/20/2015,,"IB Transfer W/D IB TR TO ACCT *0306 Transfer Online from",-2200,5706.73,,
11/20/2015,,"IB Transfer W/D IB TR TO ACCT *0306 Transfer Online from",-3001,2705.73,,
11/20/2015,,"IB Transfer W/D IB TR TO ACCT *0108 Transfer Online from",-3700,-994.27,,
11/20/2015,,"IB Transfer W/D IB TR TO ACCT *9306 Transfer Online from",-5800,-6794.27,,
11/20/2015,,"Daily Ledger Bal",,-6794.27,,
11/23/2015,,"IB Transfer Deposit IB TR FROM ACCT *0199 Transfer Online to D",810,-5984.27,,
11/23/2015,58011615,"Guaranteed Check",3296.75,-2687.52,,
11/23/2015,58011614,"Guaranteed Check",7683.15,4995.63,,
11/23/2015,7620834583,"Guaranteed Check",10000,14995.63,,
11/23/2015,,"ACH Payment ADP EEPAY/GARNWC EEPAY/GARN",-1.46,14994.17,,
11/23/2015,,"ACH Payment ADP Tax/401k Tax/401k",-93.49,14900.68,,
11/23/2015,,"IB Transfer W/D IB TR TO ACCT *0108 Transfer Online from",-120,14780.68,,
11/23/2015,,"ACH Payment ADP EEPAY/GARNWC EEPAY/GARN",-520.09,14260.59,,
11/23/2015,,"ACH Payment NATIONAL INDEMNI NATL INDEM",-1285.52,12975.07,,
11/23/2015,,"IB Transfer W/D IB TR TO ACCT *0108 Transfer Online from",-1601,11374.07,,
11/23/2015,,"IB Transfer W/D IB TR TO ACCT *0108 Transfer Online from",-1801,9573.07,,
11/23/2015,,"Wire Payment EFS (Coop)",-10001,-427.93,,
11/23/2015,,"Daily Ledger Bal",,-427.93,,
