"Date","Ref/Check","Description","Amount","Balance","Memo","Category"
11/09/2015,,"ACH Deposit MANAGEMENT SERV ONLINE TRF",4000,4262.28,,
11/09/2015,,"IB Transfer W/D IB TR TO ACCT *3068 Transfer Online from",-4001,261.28,,
11/09/2015,,"Daily Ledger Bal",,261.28,,
11/10/2015,,"ACH Payment MANAGEMENT SERV ONLINE TRF",-100,161.28,,
11/10/2015,,"Daily Ledger Bal",,161.28,,
11/12/2015,,"IB Transfer Deposit IB TR FROM ACCT *3068 Transfer Online to D",6601,6762.28,,
11/12/2015,,"ACH Payment MANAGEMENT SERV ONLINE TRF",-587.25,6175.03,,
11/12/2015,,"ACH Payment MANAGEMENT SERV ONLINE TRF",-3000,3175.03,,
11/12/2015,,"Daily Ledger Bal",,3175.03,,
11/13/2015,,"ACH Payment MANAGEMENT SERV ONLINE TRF",-3000,175.03,,
11/13/2015,,"Daily Ledger Bal",,175.03,,
11/18/2015,,"IB Transfer Deposit IB TR FROM ACCT *3068 Transfer Online to D",701,876.03,,
11/18/2015,,"ACH Payment MANAGEMENT SERV ONLINE TRF",-100,776.03,,
11/18/2015,,"ACH Payment MANAGEMENT SERV ONLINE TRF",-648,128.03,,
11/18/2015,,"Daily Ledger Bal",,128.03,,
11/25/2015,,"IB Transfer Deposit IB TR FROM ACCT *3068 Transfer Online to D",788.5,916.53,,
11/25/2015,,"Daily Ledger Bal",,916.53,,
11/27/2015,,"IB Transfer W/D IB TR TO ACCT *0720 Transfer Online from",-100,816.53,,
11/27/2015,,"IB Transfer W/D IB TR TO ACCT *0720 Transfer Online from",-688.5,128.03,,
11/27/2015,,"Daily Ledger Bal",,128.03,,
11/30/2015,,"IB Transfer Deposit IB TR FROM ACCT *3068 Transfer Online to D",501,629.03,,
11/30/2015,,"IB Transfer Deposit IB TR FROM ACCT *3068 Transfer Online to D",650,1279.03,,
11/30/2015,,"IB Transfer W/D IB TR TO ACCT *3068 Transfer Online from",-501,778.03,,
11/30/2015,,"ACH Payment MANAGEMENT SERV ONLINE TRF",-688.5,89.53,,
11/30/2015,,"Accr Earning Pymt Added to Account",.03,89.56,,
11/30/2015,,"Daily Ledger Bal",,89.56,,
12/02/2015,,"IB Transfer Deposit IB TR FROM ACCT *3068 Transfer Online to D",741.25,830.81,,
12/02/2015,,"ACH Payment MANAGEMENT SERV ONLINE TRF",-100,730.81,,
12/02/2015,,"ACH Payment MANAGEMENT SERV ONLINE TRF",-641.25,89.56,,
12/02/2015,,"Daily Ledger Bal",,89.56,,
