"Date","Ref/Check","Description","Amount","Balance","Memo","Category"
11/15/2015,,"Analysis Charge",-31.68,6549.44,,
11/15/2015,,"Daily Ledger Bal",,6549.44,,
11/16/2015,,"ACH Payment ADP EEPAY/GARNWC EEPAY/GARN",-4,6545.44,,
11/16/2015,,"ACH Payment ADP Tax/401k Tax/401k",-306,6239.44,,
11/16/2015,,"ACH Payment ADP EEPAY/GARNWC EEPAY/GARN",-1847,4392.44,,
11/16/2015,,"ACH Payment CAPITAL ONE ONLINE PMT",-4000,392.44,,
11/16/2015,,"Daily Ledger Bal",,392.44,,
11/17/2015,,"ACH Deposit MANAGEMENT SERV ONLINE TRF",15001,15393.44,,
11/17/2015,,"Daily Ledger Bal",,15393.44,,
11/18/2015,,"ACH Deposit Reversal MANAGEMENT SERV ONLINE TRF",-15001,392.44,,
11/18/2015,,"Daily Ledger Bal",,392.44,,
11/19/2015,,"IB Transfer Deposit IB TR FROM ACCT *3068 Transfer Online to D",14001,14393.44,,
11/19/2015,,"ACH Payment MANAGEMENT SERV ONLINE TRF",-3000,11393.44,,
11/19/2015,,"Daily Ledger Bal",,11393.44,,
11/20/2015,,"IB Transfer Deposit IB TR FROM ACCT *3068 Transfer Online to D",2200,13593.44,,
11/20/2015,,"IB Transfer Deposit IB TR FROM ACCT *3068 Transfer Online to D",3001,16594.44,,
11/20/2015,,"ACH Payment ADP PAYROLL FEES ADP - FEES",-41.5,16552.94,,
11/20/2015,,"ACH Payment CAPITAL ONE ONLINE PMT",-14000,2552.94,,
11/20/2015,,"Daily Ledger Bal",,2552.94,,
11/23/2015,,"ACH Payment ADP EEPAY/GARNWC EEPAY/GARN",-4,2548.94,,
11/23/2015,,"ACH Payment ADP Tax/401k Tax/401k",-306,2242.94,,
11/23/2015,,"ACH Payment ADP EEPAY/GARNWC EEPAY/GARN",-1847,395.94,,
11/23/2015,,"Daily Ledger Bal",,395.94,,
11/27/2015,,"ACH Payment ADP PAYROLL FEES ADP - FEES",-33.33,362.61,,
11/27/2015,,"ACH Payment ADP PAYROLL FEES ADP - FEES",-41.5,321.11,,
11/27/2015,,"Daily Ledger Bal",,321.11,,
11/30/2015,,"IB Transfer Deposit IB TR FROM ACCT *3068 Transfer Online to D",499,820.11,,
11/30/2015,,"IB Transfer Deposit IB TR FROM ACCT *3068 Transfer Online to D",2101,2921.11,,
11/30/2015,,"IB Transfer Deposit IB TR FROM ACCT *3068 Transfer Online to D",14001,16922.11,,
11/30/2015,,"ACH Payment ADP EEPAY/GARNWC EEPAY/GARN",-4,16918.11,,
11/30/2015,,"ACH Payment ADP Tax/401k Tax/401k",-306,16612.11,,
11/30/2015,,"Wire Payment NutriGold Inc",-500,16112.11,,
11/30/2015,,"ACH Payment ADP EEPAY/GARNWC EEPAY/GARN",-1847,14265.11,,
11/30/2015,,"Accr Earning Pymt Added to Account",.83,14265.94,,
11/30/2015,,"Daily Ledger Bal",,14265.94,,
12/01/2015,,"ACH Payment CAPITAL ONE ONLINE PMT",-14000,265.94,,
12/01/2015,,"Daily Ledger Bal",,265.94,,
12/03/2015,,"IB Transfer Deposit IB TR FROM ACCT *3068 Transfer Online to D",1250,1515.94,,
12/03/2015,,"IB Transfer Deposit IB TR FROM ACCT *3068 Transfer Online to D",14001,15516.94,,
12/03/2015,,"ACH Payment MANAGEMENT SERV ONLINE TRF",-1243.35,14273.59,,
12/03/2015,,"Daily Ledger Bal",,14273.59,,
12/04/2015,,"ACH Payment ADP PAYROLL FEES ADP - FEES",-35.18,14238.41,,
12/04/2015,,"ACH Payment CAPITAL ONE ONLINE PMT",-14000,238.41,,
12/04/2015,,"Daily Ledger Bal",,238.41,,
12/07/2015,,"IB Transfer Deposit IB TR FROM ACCT *3068 Transfer Online to D",2001,2239.41,,
12/07/2015,,"ACH Payment ADP EEPAY/GARNWC EEPAY/GARN",-4,2235.41,,
12/07/2015,,"ACH Payment ADP Tax/401k Tax/401k",-306,1929.41,,
12/07/2015,,"ACH Payment ADP EEPAY/GARNWC EEPAY/GARN",-1847,82.41,,
12/07/2015,,"Daily Ledger Bal",,82.41,,
12/08/2015,,"IB Transfer Deposit IB TR FROM ACCT *3068 Transfer Online to D",3001,3083.41,,
12/08/2015,,"Daily Ledger Bal",,3083.41,,
12/09/2015,,"IB Transfer Deposit IB TR FROM ACCT *3068 Transfer Online to D",2101,5184.41,,
12/09/2015,,"ACH Payment MANAGEMENT SERV ONLINE TRF",-2106.93,3077.48,,
12/09/2015,,"ACH Payment CAPITAL ONE ONLINE PMT",-3000,77.48,,
12/09/2015,,"Daily Ledger Bal",,77.48,,
12/10/2015,,"IB Transfer Deposit IB TR FROM ACCT *3068 Transfer Online to D",14001,14078.48,,
12/10/2015,,"Daily Ledger Bal",,14078.48,,
12/11/2015,,"ACH Payment ADP PAYROLL FEES ADP - FEES",-35.18,14043.30,,
12/11/2015,,"ACH Payment CAPITAL ONE ONLINE PMT",-14000,43.30,,
12/11/2015,,"Daily Ledger Bal",,43.3,,
