"Date","Ref/Check","Description","Amount","Balance","Memo","Category"
07/27/2015,,"Daily Ledger Bal",,-91.78,,
07/28/2015,,"IB Transfer Deposit IB TR FROM ACCT *0817 Transfer Online to D",200,1704.79,,
07/28/2015,,"IB Transfer Deposit IB TR FROM ACCT *0817 Transfer Online to D",600,2304.79,,
07/28/2015,,"Alliance Payoff MMA to LOC Sweep",-32.41,2272.38,,
07/28/2015,,"Over Limit Charge Item(s) Presented 07/27/2015",-20,2252.38,,
07/28/2015,,"Alliance Payoff LOC to MMA Sweep",32.41,2284.79,,
07/28/2015,,"Daily Ledger Bal",,2284.79,,
07/29/2015,,"IB Transfer Deposit IB TR FROM ACCT *3068 Transfer Online to D",5000,7284.79,,
07/29/2015,,"IB Debit IB TR TO ACCT *1294 Transfer Online from",-4000,3284.79,,
07/29/2015,5,"Check",-562.5,2722.29,,
07/29/2015,,"ACH Withdrawal EXT TRF ONLINE",-700,2022.29,,
07/29/2015,,"Daily Ledger Bal",,2022.29,,
07/30/2015,,"IB Transfer Deposit IB TR FROM ACCT *3068 Transfer Online to D",10000,12022.29,,
07/30/2015,,"Daily Ledger Bal",,12022.29,,
07/31/2015,,"Alliance Payoff MMA to LOC Sweep",-5267.49,6754.80,,
07/31/2015,,"Accr Earning Pymt Added to Account",3.86,6758.66,,
07/31/2015,,"ACH Withdrawal TRANSFLO EXPRESS PAYABLES DYNAMICS EFT DEPOS",-4.99,6753.67,,
07/31/2015,,"Alliance Payoff LOC to MMA Sweep",5267.49,12021.16,,
07/31/2015,,"Daily Ledger Bal",,12021.16,,
08/03/2015,,"ACH Withdrawal ACH PAYMENT GE CAPITAL",-2886.81,9134.35,,
08/03/2015,,"ACH Withdrawal ACH PAYMENT GE CAPITAL",-2886.81,6247.54,,
08/03/2015,,"ACH Withdrawal ACH PAYMENT GE CAPITAL",-2886.81,3360.73,,
08/03/2015,,"Daily Ledger Bal",,3360.73,,
08/04/2015,,"Alliance Payoff MMA to LOC Sweep",-10024.18,-8747.62,,
08/04/2015,,"IB Debit IB TR TO ACCT *0720 Transfer Online from",-778.75,-9526.37,,
08/04/2015,6,"Check",-585,-10111.37,,
08/04/2015,,"Alliance Payoff LOC to MMA Sweep",10024.18,-87.19,,
08/04/2015,,"Daily Ledger Bal",,-87.19,,
08/05/2015,,"IB Transfer Deposit IB TR FROM ACCT *3068 Transfer Online to D",100,2096.98,,
08/05/2015,,"IB Transfer Deposit IB TR FROM ACCT *3068 Transfer Online to D",3000,5096.98,,
08/05/2015,,"ACH Withdrawal BEST PASS INC. PAYMENT",-2084.17,3012.81,,
08/05/2015,,"Over Limit Charge Item(s) Presented 08/04/2015",-20,2992.81,,
08/05/2015,,"Daily Ledger Bal",,2992.81,,
08/06/2015,6,"Check Returned",585,3577.80,,
08/06/2015,,"Accr Earn Credit Adj EFF 08/04/2015 - 585.00",.01,3577.81,,
08/06/2015,,"Daily Ledger Bal",,3577.81,,
08/07/2015,,"IB Transfer Deposit IB TR FROM ACCT *0306 Transfer Online to D",3000,6577.81,,
08/07/2015,7,"Check",-585,5992.81,,
08/07/2015,,"ACH Withdrawal TRANSFLO EXPRESS PAYABLES DYNAMICS EFT DEPOS",-12.04,5980.77,,
08/07/2015,,"Daily Ledger Bal",,5980.77,,
08/10/2015,,"ACH Withdrawal EXT TRF ONLINE",-729,5251.77,,
08/10/2015,,"ACH Withdrawal ACH PAYMENT GE CAPITAL",-2995.6,2256.17,,
08/10/2015,,"Daily Ledger Bal",,2256.17,,
08/11/2015,,"IB Transfer Deposit IB TR FROM ACCT *3068 Transfer Online to D",3000,5256.17,,
08/11/2015,,"Alliance Payoff MMA to LOC Sweep",-6425.81,-1169.64,,
08/11/2015,,"Alliance Payoff LOC to MMA Sweep",6425.81,5256.17,,
08/11/2015,,"Daily Ledger Bal",,5256.17,,
08/12/2015,,"IB Transfer Deposit IB TR FROM ACCT *3068 Transfer Online to D",2000,7256.17,,
08/12/2015,,"IB Debit IB TR TO ACCT *1294 Transfer Online from",-2000,5256.17,,
08/12/2015,8,"Check",-770,4486.17,,
08/12/2015,,"ACH Withdrawal EXT TRF ONLINE",-350,4136.17,,
08/12/2015,,"Daily Ledger Bal",,4136.17,,
08/14/2015,,"ACH Withdrawal TRANSFLO EXPRESS PAYABLES DYNAMICS EFT DEPOS",-7.34,4128.83,,
08/16/2015,,"Analysis Charge 07 2015 Charge",-13.6,4115.23,,
08/16/2015,,"Daily Ledger Bal",,4115.23,,
08/17/2015,,"ACH Withdrawal EXT TRF ONLINE",-749.25,3365.98,,
08/17/2015,,"Daily Ledger Bal",,3365.98,,
08/18/2015,,"IB Transfer Deposit IB TR FROM ACCT *3068 Transfer Online to D",1100,4465.98,,
08/18/2015,,"Alliance Payoff MMA to LOC Sweep",-5808.52,-1342.54,,
08/18/2015,,"ACH Withdrawal BEST PASS INC. PAYMENT",-1918.33,-3260.87,,
08/18/2015,,"Alliance Payoff LOC to MMA Sweep",5808.52,2547.65,,
08/18/2015,,"Daily Ledger Bal",,2547.65,,
08/20/2015,,"IB Transfer Deposit IB TR FROM ACCT *3068 Transfer Online to D",2350,4897.65,,
08/20/2015,9,"Check",-658.08,4239.57,,
08/20/2015,,"ACH Withdrawal EXT TRF ONLINE",-350,3889.57,,
08/20/2015,,"Daily Ledger Bal",,3889.57,,
08/24/2015,,"ACH Withdrawal EXT TRF ONLINE TRF",-783,3106.57,,
08/24/2015,,"Daily Ledger Bal",,3106.57,,
