"Date","Ref/Check","Description","Amount","Balance","Memo","Category"
07/24/2015,,"IB Transfer Deposit IB TR FROM ACCT *3068 Transfer Online to D",1000,21961.06,,
07/24/2015,,"IB Transfer Deposit IB TR FROM ACCT *3068 Transfer Online to D",2200,24161.06,,
07/24/2015,,"IB Debit IB TR TO ACCT *0817 Transfer Online from",-1000,23161.06,,
07/24/2015,,"ACH Withdrawal ADP PAYROLL FEES ADP - FEES",-41.5,23119.56,,
07/24/2015,,"ACH Withdrawal CAPITAL ONE ONLINE PMT",-20000,3119.56,,
07/24/2015,,"Daily Ledger Bal",,3119.56,,
07/27/2015,,"ACH Withdrawal ADP TX/FINCL SVC ADP - TAX",-4,3115.56,,
07/27/2015,,"ACH Withdrawal ADP TX/FINCL SVC ADP - TAX",-306,2809.56,,
07/27/2015,,"ACH Withdrawal ADP TX/FINCL SVC ADP - TAX",-1847,962.56,,
07/27/2015,,"Daily Ledger Bal",,962.56,,
07/28/2015,,"Alliance Payoff MMA to LOC Sweep",-25399.63,-24437.07,,
07/28/2015,,"Alliance Payoff LOC to MMA Sweep",25399.63,962.56,,
07/28/2015,,"Daily Ledger Bal",,962.56,,
07/30/2015,,"IB Transfer Deposit IB TR FROM ACCT *3068 Transfer Online to D",12000,12962.56,,
07/30/2015,,"Daily Ledger Bal",,12962.56,,
07/31/2015,,"Alliance Payoff MMA to LOC Sweep",-12083,879.56,,
07/31/2015,,"Accr Earning Pymt Added to Account",.95,880.51,,
07/31/2015,,"ACH Withdrawal ADP PAYROLL FEES ADP - FEES",-83,797.51,,
07/31/2015,,"ACH Withdrawal CAPITAL ONE ONLINE PMT",-12000,-11202.49,,
07/31/2015,,"Alliance Payoff LOC to MMA Sweep",12083,880.51,,
07/31/2015,,"Daily Ledger Bal",,880.51,,
08/03/2015,,"ACH Withdrawal ADP TX/FINCL SVC ADP - TAX",-4,-970.49,,
08/03/2015,,"ACH Withdrawal ADP TX/FINCL SVC ADP - TAX",-306,-1276.49,,
08/03/2015,,"Daily Ledger Bal",,-1276.49,,
08/04/2015,,"IB Transfer Deposit IB TR FROM ACCT *3068 Transfer Online to D",2000,2570.51,,
08/04/2015,,"IB Transfer Deposit IB TR FROM ACCT *3068 Transfer Online to D",2000,4570.51,,
08/04/2015,,"IB Transfer Deposit IB TR FROM ACCT *3068 Transfer Online to D",15000,19570.51,,
08/04/2015,,"Alliance Payoff MMA to LOC Sweep",-2157,17413.51,,
08/04/2015,,"ACH Withdrawal ADP TX/FINCL SVC ADP - TAX",-1847,15566.51,,
08/04/2015,,"Alliance Payoff LOC to MMA Sweep",2157,17723.51,,
08/04/2015,,"Daily Ledger Bal",,17723.51,,
08/05/2015,,"ACH Withdrawal CAPITAL ONE ONLINE PMT",-15000,2723.51,,
08/05/2015,,"Daily Ledger Bal",,2723.51,,
08/06/2015,,"ACH Withdrawal ADP TX/FINCL SVC ADP - TAX",-84,2639.51,,
08/06/2015,,"Daily Ledger Bal",,2639.51,,
08/07/2015,,"IB Transfer Deposit IB TR FROM ACCT *3068 Transfer Online to D",2500,5139.51,,
08/07/2015,,"IB Transfer Deposit IB TR FROM ACCT *3068 Transfer Online to D",3000,8139.51,,
08/07/2015,,"IB Debit IB TR TO ACCT *9315 Transfer Online from",-3000,5139.51,,
08/07/2015,,"ACH Withdrawal ADP PAYROLL FEES ADP - FEES",-83,5056.51,,
08/07/2015,,"Daily Ledger Bal",,5056.51,,
08/10/2015,,"ACH Withdrawal ADP TX/FINCL SVC ADP - TAX",-4,5052.51,,
08/10/2015,,"ACH Withdrawal ADP TX/FINCL SVC ADP - TAX",-306,4746.51,,
08/10/2015,,"ACH Withdrawal ADP TX/FINCL SVC ADP - TAX",-1847,2899.51,,
08/10/2015,,"Daily Ledger Bal",,2899.51,,
08/11/2015,,"Alliance Payoff MMA to LOC Sweep",-20324,-17424.49,,
08/11/2015,,"Alliance Payoff LOC to MMA Sweep",20324,2899.51,,
08/11/2015,,"Daily Ledger Bal",,2899.51,,
08/12/2015,,"IB Transfer Deposit IB TR FROM ACCT *3068 Transfer Online to D",5000,7899.51,,
08/12/2015,,"ACH Withdrawal HARLAND CLARKE CHK ORDERS",-20.85,7878.66,,
08/12/2015,,"ACH Withdrawal HARLAND CLARKE CHK ORDERS",-20.85,7857.81,,
08/12/2015,,"Daily Ledger Bal",,7857.81,,
08/13/2015,,"IB Transfer Deposit IB TR FROM ACCT *3068 Transfer Online to D",2500,10357.81,,
08/13/2015,,"IB Transfer Deposit IB TR FROM ACCT *3068 Transfer Online to D",10000,20357.81,,
08/13/2015,,"ACH Withdrawal CAPITAL ONE ONLINE PMT",-5000,15357.81,,
08/13/2015,,"Wire Out Idealease El Paso",-2361.04,12996.77,,
08/13/2015,,"Daily Ledger Bal",,12996.77,,
08/14/2015,,"IB Transfer Deposit IB TR FROM ACCT *3068 Transfer Online to D",2200,15196.77,,
08/14/2015,,"ACH Withdrawal CAPITAL ONE ONLINE PMT",-10000,5196.77,,
08/16/2015,,"Analysis Charge 07 2015 Charge",-11.71,5185.06,,
08/16/2015,,"Daily Ledger Bal",,5185.06,,
08/17/2015,,"IB Transfer Deposit IB TR FROM ACCT *3068 Transfer Online to D",850,6035.06,,
08/17/2015,,"IB Transfer Deposit IB TR FROM ACCT *3068 Transfer Online to D",2400,8435.06,,
08/17/2015,,"ACH Withdrawal ADP TX/FINCL SVC ADP - TAX",-4,8431.06,,
08/17/2015,,"ACH Withdrawal ADP TX/FINCL SVC ADP - TAX",-306,8125.06,,
08/17/2015,,"ACH Withdrawal ADP TX/FINCL SVC ADP - TAX",-1847,6278.06,,
08/17/2015,,"Wire Out Idealease El Paso",-2348.7,3929.36,,
08/17/2015,,"Daily Ledger Bal",,3929.36,,
08/18/2015,,"Alliance Payoff MMA to LOC Sweep",-22720.15,-18790.79,,
08/18/2015,1,"Check",-800,-19590.79,,
08/18/2015,,"Alliance Payoff LOC to MMA Sweep",22720.15,3129.36,,
08/18/2015,,"Daily Ledger Bal",,3129.36,,
08/20/2015,,"IB Transfer Deposit IB TR FROM ACCT *3068 Transfer Online to D",12001,15130.36,,
08/20/2015,,"Daily Ledger Bal",,15130.36,,
08/21/2015,,"IB Transfer Deposit IB TR FROM ACCT *3068 Transfer Online to D",2200,17330.36,,
08/21/2015,,"ACH Withdrawal ADP PAYROLL FEES ADP - FEES",-41.5,17288.86,,
08/21/2015,,"ACH Withdrawal CAPITAL ONE ONLINE PMT",-12000,5288.86,,
08/21/2015,,"Daily Ledger Bal",,5288.86,,
