"Date","Ref/Check","Description","Amount","Balance","Memo","Category"
10/13/2015,,"ACH Deposit GOOGLE WALLET 000536245 REFUND",5,4507.82,,
10/13/2015,,"ACH Deposit GOOGLE WALLET 000536254 REFUND",40,4547.82,,
10/13/2015,,"IB Transfer Deposit IB TR FROM ACCT *3068 Transfer Online to D",3401,7948.82,,
10/13/2015,,"ACH Payment ADP TX/FINCL SVC ADP - TAX",-5.39,7943.43,,
10/13/2015,,"ACH Payment PAYPAL INST XFER INSTANT TRANSFER",-8,7935.43,,
10/13/2015,,"ACH Payment PAYPAL INST XFER INSTANT TRANSFER",-38,7897.43,,
10/13/2015,,"ACH Payment ADP TX/FINCL SVC ADP - TAX",-412.88,7484.55,,
10/13/2015,,"ACH Payment ADP TX/FINCL SVC ADP - TAX",-1841.39,5643.16,,
10/13/2015,,"ACH Payment CAPITAL ONE ONLINE PMT",-2000,3643.16,,
10/13/2015,,"Daily Ledger Bal",,3643.16,,
10/14/2015,,"ACH Payment CAPITAL ONE ONLINE PMT",-1001,2642.16,,
10/14/2015,,"Daily Ledger Bal",,2642.16,,
10/15/2015,,"IB Transfer Deposit IB TR FROM ACCT *3068 Transfer Online to D",3501,6143.16,,
10/15/2015,,"POS Payment SIG BPI QUEZON CITY #9421",-154.58,5988.58,,
10/15/2015,,"POS Payment SIG BPI QUEZON #9280",-161.11,5827.47,,
10/15/2015,,"POS Payment SIG BPI QUEZON #9215",-222.07,5605.40,,
10/15/2015,,"POS Payment SIG BPI QUEZON #9215",-26.13,5579.27,,
10/15/2015,,"POS Payment SIG BPI QUEZON #9140",-222.07,5357.20,,
10/15/2015,,"POS Payment SIG BPI QUEZON #9140",-93.62,5263.58,,
10/15/2015,,"POS Payment SIG BPI QUEZON #9355",-143.69,5119.89,,
10/15/2015,,"POS Payment SIG BPI QUEZON #9561",-121.92,4997.97,,
10/15/2015,,"POS Payment SIG BPI QUEZON #9074",-222.07,4775.90,,
10/15/2015,,"POS Payment SIG BPI QUEZON #9074",-222.07,4553.83,,
10/15/2015,,"POS Payment SIG BPI QUEZON #9074",-222.07,4331.76,,
10/15/2015,,"POS Payment SIG BPI QUEZON #9074",-69.67,4262.09,,
10/15/2015,,"ACH Payment EXT TRF ONLINE TRF",-516,3746.09,,
10/15/2015,,"ACH Payment EXT TRF ONLINE TRF",-1281.21,2464.88,,
10/15/2015,,"Analysis Charge "09 2015 Charge"",-35.29,2429.59,,
10/15/2015,,"Daily Ledger Bal",,2429.59,,
10/16/2015,,"IB Transfer Deposit IB TR FROM ACCT *3068 Transfer Online to D",2801,5230.59,,
10/16/2015,,"ACH Payment ADP PAYROLL FEES ADP - FEES",-14,5216.59,,
10/16/2015,,"ACH Payment GOOGLE WALLET 000536615 DEBIT",-20,5196.59,,
10/16/2015,,"ACH Payment PAYPAL INST XFER INSTANT TRANSFER",-42,5154.59,,
10/16/2015,,"ACH Payment GOOGLE WALLET 000536615 DEBIT",-80,5074.59,,
10/16/2015,,"ACH Payment GOOGLE WALLET 000536615 DEBIT",-138,4936.59,,
10/16/2015,,"ACH Payment GOOGLE WALLET 000536615 DEBIT",-155,4781.59,,
10/16/2015,,"ACH Payment PAYPAL INST XFER INSTANT TRANSFER",-281,4500.59,,
10/16/2015,,"ACH Payment CAPITAL ONE ONLINE PMT",-999,3501.59,,
10/16/2015,,"Daily Ledger Bal",,3501.59,,
10/19/2015,,"IB Transfer Deposit IB TR FROM ACCT *3068 Transfer Online to D",3500,7001.59,,
10/19/2015,,"ACH Payment ADP TX/FINCL SVC ADP - TAX",-6.6,6994.99,,
10/19/2015,,"ACH Payment ADP TX/FINCL SVC ADP - TAX",-533.67,6461.32,,
10/19/2015,,"ACH Payment ADP TX/FINCL SVC ADP - TAX",-2231.3,4230.02,,
10/19/2015,,"Daily Ledger Bal",,4230.02,,
10/20/2015,,"IB Transfer Deposit IB TR FROM ACCT *3068 Transfer Online to D",701,4931.02,,
10/20/2015,,"ACH Payment CAPITAL ONE ONLINE PMT",-1000,3931.02,,
10/20/2015,,"Daily Ledger Bal",,3931.02,,
10/21/2015,,"POS Debit Reversal MARKTMARKT 04 MARKTMARK #9074",221.6,4152.62,,
10/21/2015,,"IB Transfer Deposit IB TR FROM ACCT *3068 Transfer Online to D",1002,5154.62,,
10/21/2015,,"POS Payment SIG BPI QUEZON #9215",-221.6,4933.02,,
10/21/2015,,"POS Payment SIG BPI QUEZON #9215",-36.93,4896.09,,
10/21/2015,,"POS Payment SIG BPI QUEZON #9280",-158.6,4737.49,,
10/21/2015,,"POS Payment SIG BPI QUEZON #9140",-221.6,4515.89,,
10/21/2015,,"POS Payment SIG BPI QUEZON #9140",-145.56,4370.33,,
10/21/2015,,"POS Payment SIG MARKTMARKT 04 MARKTMARK #9561",-154.25,4216.08,,
10/21/2015,,"POS Payment SIG MARKTMARKT 04 MARKTMARK #9355",-139.04,4077.04,,
10/21/2015,,"POS Payment SIG MARKTMARKT 04 MARKTMARK #9074",-221.6,3855.44,,
10/21/2015,,"POS Payment SIG BPI TAGUIG #9074",-221.6,3633.84,,
10/21/2015,,"POS Payment SIG BPI TAGUIG #9074",-221.6,3412.24,,
10/21/2015,,"POS Payment SIG METROPOLITAN BA PHILIPPINE #9074",-91.25,3320.99,,
10/21/2015,,"POS Payment SIG BPI QUEZON CITY #9421",-145.56,3175.43,,
10/21/2015,,"Daily Ledger Bal",,3175.43,,
10/22/2015,,"POS Payment SIG BG MARKET2 01 BG MARKET #9074",-220.63,2954.80,,
10/22/2015,,"POS Payment SIG BPI MAKATI #9074",-41.1,2913.70,,
10/22/2015,,"ACH Payment CAPITAL ONE ONLINE PMT",-1005,1908.70,,
10/22/2015,,"Daily Ledger Bal",,1908.7,,
10/23/2015,,"IB Transfer Deposit IB TR FROM ACCT *3068 Transfer Online to D",3501,5409.70,,
10/23/2015,,"ACH Payment ADP PAYROLL FEES ADP - FEES",-14,5395.70,,
10/23/2015,,"ACH Payment ADP PAYROLL FEES ADP - FEES",-33.33,5362.37,,
10/23/2015,,"Daily Ledger Bal",,5362.37,,
10/26/2015,,"ACH Payment GOOGLE WALLET 000537588 DEBIT",-7,5355.37,,
10/26/2015,,"ACH Payment PAYPAL INST XFER INSTANT TRANSFER",-7,5348.37,,
10/26/2015,,"ACH Payment ADP TX/FINCL SVC ADP - TAX",-8.23,5340.14,,
10/26/2015,,"ACH Payment GOOGLE WALLET 000537588 DEBIT",-14,5326.14,,
10/26/2015,,"ACH Payment GOOGLE WALLET 000537588 DEBIT",-15,5311.14,,
10/26/2015,,"ACH Payment GOOGLE WALLET 000537753 DEBIT",-15,5296.14,,
10/26/2015,,"ACH Payment PAYPAL INST XFER INSTANT TRANSFER",-15,5281.14,,
10/26/2015,,"ACH Payment PAYPAL INST XFER INSTANT TRANSFER",-18,5263.14,,
10/26/2015,,"ACH Payment GOOGLE WALLET 000537588 DEBIT",-20,5243.14,,
10/26/2015,,"ACH Payment PAYPAL INST XFER INSTANT TRANSFER",-20,5223.14,,
10/26/2015,,"ACH Payment PAYPAL INST XFER INSTANT TRANSFER",-27,5196.14,,
10/26/2015,,"ACH Payment PAYPAL INST XFER INSTANT TRANSFER",-27,5169.14,,
10/26/2015,,"ACH Payment GOOGLE WALLET 000537752 DEBIT",-36,5133.14,,
10/26/2015,,"ACH Payment GOOGLE WALLET 000537588 DEBIT",-56,5077.14,,
10/26/2015,,"ACH Payment GOOGLE WALLET 000537602 DEBIT",-77,5000.14,,
10/26/2015,,"ACH Payment PAYPAL INST XFER INSTANT TRANSFER",-88,4912.14,,
10/26/2015,,"ACH Payment GOOGLE WALLET 000537588 DEBIT",-110,4802.14,,
10/26/2015,,"ACH Payment PAYPAL INST XFER INSTANT TRANSFER",-110,4692.14,,
10/26/2015,,"ACH Payment GOOGLE WALLET 000537588 DEBIT",-115,4577.14,,
10/26/2015,,"ACH Payment GOOGLE WALLET 000537588 DEBIT",-130,4447.14,,
10/26/2015,,"ACH Payment GOOGLE WALLET 000537602 DEBIT",-143,4304.14,,
10/26/2015,,"ACH Payment GOOGLE WALLET 000537588 DEBIT",-148,4156.14,,
10/26/2015,,"ACH Payment ADP TX/FINCL SVC ADP - TAX",-690.55,3465.59,,
10/26/2015,,"ACH Payment ADP TX/FINCL SVC ADP - TAX",-2751.74,713.85,,
10/26/2015,,"Daily Ledger Bal",,713.85,,
10/27/2015,,"IB Transfer Deposit IB TR FROM ACCT *3068 Transfer Online to D",4001,4714.85,,
10/27/2015,,"Daily Ledger Bal",,4714.85,,
10/28/2015,,"IB Transfer Deposit IB TR FROM ACCT *3068 Transfer Online to D",2001,6715.85,,
10/28/2015,,"Daily Ledger Bal",,6715.85,,
10/29/2015,,"POS Payment SIG BPI CALAPAN #9561",-158.66,6557.19,,
10/29/2015,,"POS Payment SIG BPI QUEZON #9215",-218.69,6338.50,,
10/29/2015,,"POS Payment SIG BPI QUEZON #9215",-64.32,6274.18,,
10/29/2015,,"POS Payment SIG BPI QUEZON #9280",-162.95,6111.23,,
10/29/2015,,"POS Payment SIG BPI QUEZON CITY #9421",-154.37,5956.86,,
10/29/2015,,"POS Payment SIG METROPOLITAN BA PHILIPPINE #9074",-218.69,5738.17,,
10/29/2015,,"POS Payment SIG METROPOLITAN BA PHILIPPINE #9074",-218.69,5519.48,,
10/29/2015,,"POS Payment SIG METROPOLITAN BA PHILIPPINE #9074",-218.69,5300.79,,
10/29/2015,,"POS Payment SIG METROPOLITAN BA PHILIPPINE #9074",-102.91,5197.88,,
10/29/2015,,"POS Payment SIG BPI QUEZON #9140",-218.69,4979.19,,
10/29/2015,,"POS Payment SIG BPI QUEZON #9140",-150.08,4829.11,,
10/29/2015,,"POS Payment SIG GREYHOUND LINES CNP 214-849-8966 TX #8678",-296.5,4532.61,,
10/29/2015,,"POS Payment SIG GREYHOUND LINES CNP 214-849-8966 TX #8678",-238,4294.61,,
10/29/2015,,"POS Payment SIG GREYHOUND LINES CNP 214-849-8966 TX #8678",-313.5,3981.11,,
10/29/2015,,"ACH Payment CAPITAL ONE ONLINE PMT",-2003,1978.11,,
10/29/2015,,"Daily Ledger Bal",,1978.11,,
10/30/2015,,"IB Transfer Deposit IB TR FROM ACCT *3068 Transfer Online to D",2001,3979.11,,
10/30/2015,,"ACH Payment ADP PAYROLL FEES ADP - FEES",-14,3965.11,,
10/31/2015,,"Accr Earning Pymt Added to Account",.72,3965.83,,
10/31/2015,,"Daily Ledger Bal",,3965.83,,
11/02/2015,,"IB Transfer Deposit IB TR FROM ACCT *3068 Transfer Online to D",1501,5466.83,,
11/02/2015,,"IB Transfer Deposit IB TR FROM ACCT *3068 Transfer Online to D",2001,7467.83,,
11/02/2015,,"POS Payment SIG BPI CEBU #9355",-147.89,7319.94,,
11/02/2015,,"ACH Payment ADP TX/FINCL SVC ADP - TAX",-7.28,7312.66,,
11/02/2015,,"ACH Payment ADP TX/FINCL SVC ADP - TAX",-590.82,6721.84,,
11/02/2015,,"ACH Payment CAPITAL ONE ONLINE PMT",-2000,4721.84,,
11/02/2015,,"ACH Payment ADP TX/FINCL SVC ADP - TAX",-2453.02,2268.82,,
11/02/2015,,"Daily Ledger Bal",,2268.82,,
11/03/2015,,"ACH Deposit ADP PAYROLL FEES ADP - FEES",450,2718.82,,
11/03/2015,,"IB Transfer Deposit IB TR FROM ACCT *3068 Transfer Online to D",2001,4719.82,,
11/03/2015,,"Daily Ledger Bal",,4719.82,,
11/04/2015,,"IB Transfer Deposit IB TR FROM ACCT *3068 Transfer Online to D",5501,10220.82,,
11/04/2015,,"POS Payment SIG BPI QUEZON CITY #9421",-122.03,10098.79,,
11/04/2015,,"POS Payment SIG CLPN PGOLD 02 CLPN PGOL #9561",-154.14,9944.65,,
11/04/2015,,"POS Payment SIG GOOGLE *Wang Chao GOOGLE.COM CH GB #9421",-2.02,9942.63,,
11/04/2015,,"POS Payment SIG BPI QUEZON #9215",-218.36,9724.27,,
11/04/2015,,"POS Payment SIG BPI QUEZON #9215",-38.53,9685.74,,
11/04/2015,,"POS Payment SIG BPI QUEZON #9280",-164.84,9520.90,,
11/04/2015,,"POS Payment SIG 14874871 TAGUIG B3 #9074",-218.36,9302.54,,
11/04/2015,,"POS Payment SIG 14874871 TAGUIG B3 #9074",-218.36,9084.18,,
11/04/2015,,"POS Payment SIG 14874871 TAGUIG B3 #9074",-218.36,8865.82,,
11/04/2015,,"POS Payment SIG 14874871 TAGUIG B3 #9074",-111.32,8754.50,,
11/04/2015,,"POS Payment SIG BPI QUEZON #9140",-218.36,8536.14,,
11/04/2015,,"POS Payment SIG BPI QUEZON #9140",-188.39,8347.75,,
11/04/2015,,"POS Payment SIG BPI CEBU #9355",-128.45,8219.30,,
11/04/2015,,"POS Payment SIG GOOGLE *Wang Chao GOOGLE.COM CH GB #9421",-2.02,8217.28,,
11/04/2015,,"ACH Payment CAPITAL ONE ONLINE PMT",-2002,6215.28,,
11/04/2015,,"Daily Ledger Bal",,6215.28,,
11/05/2015,,"POS Payment SIG PYL*AMC 866-7295327 UT #8678",-365.95,5849.33,,
11/05/2015,,"ACH Payment CAPITAL ONE ONLINE PMT",-1500,4349.33,,
11/05/2015,,"Daily Ledger Bal",,4349.33,,
11/06/2015,,"IB Transfer Deposit IB TR FROM ACCT *3068 Transfer Online to D",1501,5850.33,,
11/06/2015,,"IB Transfer Deposit IB TR FROM ACCT *3068 Transfer Online to D",2501,8351.33,,
11/06/2015,,"ACH Payment GOOGLE WALLET 000539109 DEBIT",-8,8343.33,,
11/06/2015,,"ACH Payment GOOGLE WALLET 000539109 DEBIT",-9,8334.33,,
11/06/2015,,"ACH Payment GOOGLE WALLET 000539109 DEBIT",-11,8323.33,,
11/06/2015,,"ACH Payment ADP PAYROLL FEES ADP - FEES",-14,8309.33,,
11/06/2015,,"ACH Payment GOOGLE WALLET 000539109 DEBIT",-22,8287.33,,
11/06/2015,,"ACH Payment PAYPAL INST XFER INSTANT TRANSFER",-22,8265.33,,
11/06/2015,,"ACH Payment GOOGLE WALLET 000539109 DEBIT",-27,8238.33,,
11/06/2015,,"ACH Payment GOOGLE WALLET 000539109 DEBIT",-27,8211.33,,
11/06/2015,,"ACH Payment GOOGLE WALLET 000539109 DEBIT",-29,8182.33,,
11/06/2015,,"ACH Payment GOOGLE WALLET 000539109 DEBIT",-29,8153.33,,
11/06/2015,,"ACH Payment PAYPAL INST XFER INSTANT TRANSFER",-36,8117.33,,
11/06/2015,,"ACH Payment PAYPAL INST XFER INSTANT TRANSFER",-44,8073.33,,
11/06/2015,,"ACH Payment PAYPAL INST XFER INSTANT TRANSFER",-55,8018.33,,
11/06/2015,,"ACH Payment GOOGLE WALLET 000539109 DEBIT",-60,7958.33,,
11/06/2015,,"ACH Payment GOOGLE WALLET 000539109 DEBIT",-64,7894.33,,
11/06/2015,,"ACH Payment GOOGLE WALLET 000539109 DEBIT",-70,7824.33,,
11/06/2015,,"ACH Payment GOOGLE WALLET 000539109 DEBIT",-81,7743.33,,
11/06/2015,,"ACH Payment PAYPAL INST XFER INSTANT TRANSFER",-113,7630.33,,
11/06/2015,,"ACH Payment GOOGLE WALLET 000539109 DEBIT",-138,7492.33,,
11/06/2015,,"ACH Payment GOOGLE WALLET 000539109 DEBIT",-148,7344.33,,
11/06/2015,,"ACH Payment GOOGLE WALLET 000539109 DEBIT",-150,7194.33,,
11/06/2015,,"ACH Payment PAYPAL INST XFER INSTANT TRANSFER",-154,7040.33,,
11/06/2015,,"ACH Payment PAYPAL INST XFER INSTANT TRANSFER",-156,6884.33,,
11/06/2015,,"ACH Payment GOOGLE WALLET 000539109 DEBIT",-177,6707.33,,
11/06/2015,,"ACH Payment GOOGLE WALLET 000539109 DEBIT",-267,6440.33,,
11/06/2015,,"ACH Payment PAYPAL INST XFER INSTANT TRANSFER",-329,6111.33,,
11/06/2015,,"Daily Ledger Bal",,6111.33,,
11/09/2015,,"POS Payment SIG PYL*AMC 866-7295327 UT #8819",-1209.73,4901.60,,
11/09/2015,,"ACH Payment ADP EEPAY/GARNWC EEPAY/GARN",-7.08,4894.52,,
11/09/2015,,"ACH Payment PAYPAL INST XFER INSTANT TRANSFER",-13,4881.52,,
11/09/2015,,"ACH Payment GOOGLE WALLET 000539165 DEBIT",-47,4834.52,,
11/09/2015,,"ACH Payment GOOGLE WALLET 000539165 DEBIT",-125,4709.52,,
11/09/2015,,"ACH Payment GOOGLE WALLET 000539165 DEBIT",-198,4511.52,,
11/09/2015,,"ACH Payment ADP Tax/401k Tax/401k",-551.1,3960.42,,
11/09/2015,,"ACH Payment CAPITAL ONE ONLINE PMT",-1450,2510.42,,
11/09/2015,,"ACH Payment ADP EEPAY/GARNWC EEPAY/GARN",-2414.26,96.16,,
11/09/2015,,"Daily Ledger Bal",,96.16,,
11/10/2015,,"IB Transfer Deposit IB TR FROM ACCT *3068 Transfer Online to D",2501,2597.16,,
11/10/2015,,"Daily Ledger Bal",,2597.16,,
